(kicad_pcb (version 20171130) (host pcbnew "(5.0.0-3-g5ebb6b6)")

  (general
    (thickness 1.6)
    (drawings 29)
    (tracks 399)
    (zones 0)
    (modules 87)
    (nets 63)
  )

  (page User 499.999 200)
  (layers
    (0 F.Cu signal)
    (31 B.Cu signal)
    (32 B.Adhes user)
    (33 F.Adhes user)
    (34 B.Paste user)
    (35 F.Paste user)
    (36 B.SilkS user)
    (37 F.SilkS user)
    (38 B.Mask user)
    (39 F.Mask user)
    (40 Dwgs.User user)
    (41 Cmts.User user)
    (42 Eco1.User user)
    (43 Eco2.User user)
    (44 Edge.Cuts user)
    (45 Margin user)
    (46 B.CrtYd user)
    (47 F.CrtYd user)
    (48 B.Fab user)
    (49 F.Fab user hide)
  )

  (setup
    (last_trace_width 0.25)
    (user_trace_width 0.5)
    (user_trace_width 0.75)
    (user_trace_width 1)
    (trace_clearance 0.2)
    (zone_clearance 0.508)
    (zone_45_only no)
    (trace_min 0.2)
    (segment_width 0.2)
    (edge_width 0.15)
    (via_size 0.8)
    (via_drill 0.4)
    (via_min_size 0.4)
    (via_min_drill 0.3)
    (uvia_size 0.3)
    (uvia_drill 0.1)
    (uvias_allowed no)
    (uvia_min_size 0.2)
    (uvia_min_drill 0.1)
    (pcb_text_width 0.3)
    (pcb_text_size 1.5 1.5)
    (mod_edge_width 0.15)
    (mod_text_size 0.4 0.4)
    (mod_text_width 0.015)
    (pad_size 3.2 3.2)
    (pad_drill 3.2)
    (pad_to_mask_clearance 0.2)
    (aux_axis_origin 0 0)
    (visible_elements FFFDFF7F)
    (pcbplotparams
      (layerselection 0x010fc_ffffffff)
      (usegerberextensions false)
      (usegerberattributes false)
      (usegerberadvancedattributes false)
      (creategerberjobfile false)
      (excludeedgelayer true)
      (linewidth 0.100000)
      (plotframeref false)
      (viasonmask false)
      (mode 1)
      (useauxorigin false)
      (hpglpennumber 1)
      (hpglpenspeed 20)
      (hpglpendiameter 15.000000)
      (psnegative false)
      (psa4output false)
      (plotreference true)
      (plotvalue true)
      (plotinvisibletext false)
      (padsonsilk false)
      (subtractmaskfromsilk false)
      (outputformat 1)
      (mirror false)
      (drillshape 1)
      (scaleselection 1)
      (outputdirectory ""))
  )

  (net 0 "")
  (net 1 /EURO_GND)
  (net 2 /PS_V+)
  (net 3 /PS_V-)
  (net 4 "Net-(C_BUFOUT1-Pad1)")
  (net 5 "Net-(C_BUFOUT1-Pad2)")
  (net 6 "Net-(C_CP1-Pad1)")
  (net 7 "Net-(C_CP1-Pad2)")
  (net 8 /CP_V-)
  (net 9 /GND)
  (net 10 "Net-(C_DC1-Pad2)")
  (net 11 "Net-(C_DC1-Pad1)")
  (net 12 "Net-(C_DC2-Pad2)")
  (net 13 "Net-(C_DC2-Pad1)")
  (net 14 "Net-(C_GY1-Pad1)")
  (net 15 "Net-(C_GY1-Pad2)")
  (net 16 "Net-(C_GY2-Pad2)")
  (net 17 "Net-(C_GY2-Pad1)")
  (net 18 "Net-(C_GY3-Pad1)")
  (net 19 "Net-(C_GY3-Pad2)")
  (net 20 "Net-(C_GY4-Pad1)")
  (net 21 "Net-(C_GY4-Pad2)")
  (net 22 "Net-(C_GY5-Pad2)")
  (net 23 "Net-(C_GY5-Pad1)")
  (net 24 "Net-(C_GY6-Pad2)")
  (net 25 "Net-(C_GY6-Pad1)")
  (net 26 "Net-(C_GY7-Pad2)")
  (net 27 "Net-(C_GY7-Pad1)")
  (net 28 "Net-(C_GY8-Pad1)")
  (net 29 "Net-(C_GY8-Pad2)")
  (net 30 "Net-(C_GY9-Pad2)")
  (net 31 "Net-(C_GY9-Pad1)")
  (net 32 "Net-(C_GY10-Pad1)")
  (net 33 "Net-(C_GY10-Pad2)")
  (net 34 "Net-(C_PRE2-Pad1)")
  (net 35 "Net-(C_PRE3-Pad1)")
  (net 36 "Net-(C_PRE4-Pad1)")
  (net 37 "Net-(C_PRE5-Pad1)")
  (net 38 "Net-(C_PRE6-Pad1)")
  (net 39 "Net-(C_PRE7-Pad1)")
  (net 40 "Net-(C_PRE8-Pad1)")
  (net 41 "Net-(C_PRE9-Pad1)")
  (net 42 "Net-(C_PRE10-Pad1)")
  (net 43 "Net-(C_PREA1-Pad1)")
  (net 44 "Net-(C_RF1-Pad1)")
  (net 45 "Net-(C_RF2-Pad1)")
  (net 46 /CP_V+)
  (net 47 /V+)
  (net 48 /V-)
  (net 49 /SeriesResonatorBlock/EQ_IN)
  (net 50 /SeriesResonatorBlock/EQ_OUT)
  (net 51 "Net-(R_BEAD2-Pad1)")
  (net 52 "Net-(R_GAIN1-Pad2)")
  (net 53 "Net-(R_GYA1-Pad2)")
  (net 54 "Net-(R_GYA2-Pad2)")
  (net 55 "Net-(R_GYA3-Pad2)")
  (net 56 "Net-(R_GYA4-Pad2)")
  (net 57 "Net-(R_GYA5-Pad2)")
  (net 58 "Net-(R_GYA6-Pad2)")
  (net 59 "Net-(R_GYA7-Pad2)")
  (net 60 "Net-(R_GYA8-Pad2)")
  (net 61 "Net-(R_GYA9-Pad2)")
  (net 62 "Net-(R_GYA10-Pad2)")

  (net_class Default "This is the default net class."
    (clearance 0.2)
    (trace_width 0.25)
    (via_dia 0.8)
    (via_drill 0.4)
    (uvia_dia 0.3)
    (uvia_drill 0.1)
    (add_net /CP_V+)
    (add_net /CP_V-)
    (add_net /EURO_GND)
    (add_net /GND)
    (add_net /PS_V+)
    (add_net /PS_V-)
    (add_net /SeriesResonatorBlock/EQ_IN)
    (add_net /SeriesResonatorBlock/EQ_OUT)
    (add_net /V+)
    (add_net /V-)
    (add_net "Net-(C_BUFOUT1-Pad1)")
    (add_net "Net-(C_BUFOUT1-Pad2)")
    (add_net "Net-(C_CP1-Pad1)")
    (add_net "Net-(C_CP1-Pad2)")
    (add_net "Net-(C_DC1-Pad1)")
    (add_net "Net-(C_DC1-Pad2)")
    (add_net "Net-(C_DC2-Pad1)")
    (add_net "Net-(C_DC2-Pad2)")
    (add_net "Net-(C_GY1-Pad1)")
    (add_net "Net-(C_GY1-Pad2)")
    (add_net "Net-(C_GY10-Pad1)")
    (add_net "Net-(C_GY10-Pad2)")
    (add_net "Net-(C_GY2-Pad1)")
    (add_net "Net-(C_GY2-Pad2)")
    (add_net "Net-(C_GY3-Pad1)")
    (add_net "Net-(C_GY3-Pad2)")
    (add_net "Net-(C_GY4-Pad1)")
    (add_net "Net-(C_GY4-Pad2)")
    (add_net "Net-(C_GY5-Pad1)")
    (add_net "Net-(C_GY5-Pad2)")
    (add_net "Net-(C_GY6-Pad1)")
    (add_net "Net-(C_GY6-Pad2)")
    (add_net "Net-(C_GY7-Pad1)")
    (add_net "Net-(C_GY7-Pad2)")
    (add_net "Net-(C_GY8-Pad1)")
    (add_net "Net-(C_GY8-Pad2)")
    (add_net "Net-(C_GY9-Pad1)")
    (add_net "Net-(C_GY9-Pad2)")
    (add_net "Net-(C_PRE10-Pad1)")
    (add_net "Net-(C_PRE2-Pad1)")
    (add_net "Net-(C_PRE3-Pad1)")
    (add_net "Net-(C_PRE4-Pad1)")
    (add_net "Net-(C_PRE5-Pad1)")
    (add_net "Net-(C_PRE6-Pad1)")
    (add_net "Net-(C_PRE7-Pad1)")
    (add_net "Net-(C_PRE8-Pad1)")
    (add_net "Net-(C_PRE9-Pad1)")
    (add_net "Net-(C_PREA1-Pad1)")
    (add_net "Net-(C_RF1-Pad1)")
    (add_net "Net-(C_RF2-Pad1)")
    (add_net "Net-(R_BEAD2-Pad1)")
    (add_net "Net-(R_GAIN1-Pad2)")
    (add_net "Net-(R_GYA1-Pad2)")
    (add_net "Net-(R_GYA10-Pad2)")
    (add_net "Net-(R_GYA2-Pad2)")
    (add_net "Net-(R_GYA3-Pad2)")
    (add_net "Net-(R_GYA4-Pad2)")
    (add_net "Net-(R_GYA5-Pad2)")
    (add_net "Net-(R_GYA6-Pad2)")
    (add_net "Net-(R_GYA7-Pad2)")
    (add_net "Net-(R_GYA8-Pad2)")
    (add_net "Net-(R_GYA9-Pad2)")
  )

  (module Package_SO:SOIC-8_3.9x4.9mm_P1.27mm (layer F.Cu) (tedit 5A02F2D3) (tstamp 5C35F184)
    (at 52.705 99.695 90)
    (descr "8-Lead Plastic Small Outline (SN) - Narrow, 3.90 mm Body [SOIC] (see Microchip Packaging Specification 00000049BS.pdf)")
    (tags "SOIC 1.27")
    (path /5B7D8912)
    (attr smd)
    (fp_text reference U_CP1 (at 4.191 -1.778 180) (layer F.SilkS)
      (effects (font (size 0.4 0.4) (thickness 0.015)))
    )
    (fp_text value _TC7662B (at 0 3.5 90) (layer F.Fab)
      (effects (font (size 1 1) (thickness 0.15)))
    )
    (fp_line (start -2.075 -2.525) (end -3.475 -2.525) (layer F.SilkS) (width 0.15))
    (fp_line (start -2.075 2.575) (end 2.075 2.575) (layer F.SilkS) (width 0.15))
    (fp_line (start -2.075 -2.575) (end 2.075 -2.575) (layer F.SilkS) (width 0.15))
    (fp_line (start -2.075 2.575) (end -2.075 2.43) (layer F.SilkS) (width 0.15))
    (fp_line (start 2.075 2.575) (end 2.075 2.43) (layer F.SilkS) (width 0.15))
    (fp_line (start 2.075 -2.575) (end 2.075 -2.43) (layer F.SilkS) (width 0.15))
    (fp_line (start -2.075 -2.575) (end -2.075 -2.525) (layer F.SilkS) (width 0.15))
    (fp_line (start -3.73 2.7) (end 3.73 2.7) (layer F.CrtYd) (width 0.05))
    (fp_line (start -3.73 -2.7) (end 3.73 -2.7) (layer F.CrtYd) (width 0.05))
    (fp_line (start 3.73 -2.7) (end 3.73 2.7) (layer F.CrtYd) (width 0.05))
    (fp_line (start -3.73 -2.7) (end -3.73 2.7) (layer F.CrtYd) (width 0.05))
    (fp_line (start -1.95 -1.45) (end -0.95 -2.45) (layer F.Fab) (width 0.1))
    (fp_line (start -1.95 2.45) (end -1.95 -1.45) (layer F.Fab) (width 0.1))
    (fp_line (start 1.95 2.45) (end -1.95 2.45) (layer F.Fab) (width 0.1))
    (fp_line (start 1.95 -2.45) (end 1.95 2.45) (layer F.Fab) (width 0.1))
    (fp_line (start -0.95 -2.45) (end 1.95 -2.45) (layer F.Fab) (width 0.1))
    (fp_text user %R (at 0 0 90) (layer B.Fab)
      (effects (font (size 1 1) (thickness 0.15)) (justify mirror))
    )
    (pad 8 smd rect (at 2.7 -1.905 90) (size 1.55 0.6) (layers F.Cu F.Paste F.Mask)
      (net 46 /CP_V+))
    (pad 7 smd rect (at 2.7 -0.635 90) (size 1.55 0.6) (layers F.Cu F.Paste F.Mask))
    (pad 6 smd rect (at 2.7 0.635 90) (size 1.55 0.6) (layers F.Cu F.Paste F.Mask))
    (pad 5 smd rect (at 2.7 1.905 90) (size 1.55 0.6) (layers F.Cu F.Paste F.Mask)
      (net 8 /CP_V-))
    (pad 4 smd rect (at -2.7 1.905 90) (size 1.55 0.6) (layers F.Cu F.Paste F.Mask)
      (net 7 "Net-(C_CP1-Pad2)"))
    (pad 3 smd rect (at -2.7 0.635 90) (size 1.55 0.6) (layers F.Cu F.Paste F.Mask)
      (net 9 /GND))
    (pad 2 smd rect (at -2.7 -0.635 90) (size 1.55 0.6) (layers F.Cu F.Paste F.Mask)
      (net 6 "Net-(C_CP1-Pad1)"))
    (pad 1 smd rect (at -2.7 -1.905 90) (size 1.55 0.6) (layers F.Cu F.Paste F.Mask)
      (net 46 /CP_V+))
    (model ${KISYS3DMOD}/Package_SO.3dshapes/SOIC-8_3.9x4.9mm_P1.27mm.wrl
      (at (xyz 0 0 0))
      (scale (xyz 1 1 1))
      (rotate (xyz 0 0 0))
    )
  )

  (module Capacitor_SMD:C_0805_2012Metric_Pad1.15x1.40mm_HandSolder (layer F.Cu) (tedit 5B36C52B) (tstamp 5C35ED6C)
    (at 168.275 97.79 270)
    (descr "Capacitor SMD 0805 (2012 Metric), square (rectangular) end terminal, IPC_7351 nominal with elongated pad for handsoldering. (Body size source: https://docs.google.com/spreadsheets/d/1BsfQQcO9C6DZCsRaXUlFlo91Tg2WpOkGARC1WS5S8t0/edit?usp=sharing), generated with kicad-footprint-generator")
    (tags "capacitor handsolder")
    (path /5B7DBFEA/5B7DD01C)
    (attr smd)
    (fp_text reference C_PRE3 (at 3.429 0 90) (layer F.SilkS)
      (effects (font (size 0.4 0.4) (thickness 0.015)))
    )
    (fp_text value 390nF (at 0 1.65 270) (layer F.Fab)
      (effects (font (size 1 1) (thickness 0.15)))
    )
    (fp_line (start -1 0.6) (end -1 -0.6) (layer F.Fab) (width 0.1))
    (fp_line (start -1 -0.6) (end 1 -0.6) (layer F.Fab) (width 0.1))
    (fp_line (start 1 -0.6) (end 1 0.6) (layer F.Fab) (width 0.1))
    (fp_line (start 1 0.6) (end -1 0.6) (layer F.Fab) (width 0.1))
    (fp_line (start -0.261252 -0.71) (end 0.261252 -0.71) (layer F.SilkS) (width 0.12))
    (fp_line (start -0.261252 0.71) (end 0.261252 0.71) (layer F.SilkS) (width 0.12))
    (fp_line (start -1.85 0.95) (end -1.85 -0.95) (layer F.CrtYd) (width 0.05))
    (fp_line (start -1.85 -0.95) (end 1.85 -0.95) (layer F.CrtYd) (width 0.05))
    (fp_line (start 1.85 -0.95) (end 1.85 0.95) (layer F.CrtYd) (width 0.05))
    (fp_line (start 1.85 0.95) (end -1.85 0.95) (layer F.CrtYd) (width 0.05))
    (fp_text user %R (at 0 0 270) (layer F.Fab)
      (effects (font (size 0.5 0.5) (thickness 0.08)))
    )
    (pad 1 smd roundrect (at -1.025 0 270) (size 1.15 1.4) (layers F.Cu F.Paste F.Mask) (roundrect_rratio 0.217391)
      (net 35 "Net-(C_PRE3-Pad1)"))
    (pad 2 smd roundrect (at 1.025 0 270) (size 1.15 1.4) (layers F.Cu F.Paste F.Mask) (roundrect_rratio 0.217391)
      (net 18 "Net-(C_GY3-Pad1)"))
    (model ${KISYS3DMOD}/Capacitor_SMD.3dshapes/C_0805_2012Metric.wrl
      (at (xyz 0 0 0))
      (scale (xyz 1 1 1))
      (rotate (xyz 0 0 0))
    )
  )

  (module Resistor_SMD:R_0805_2012Metric_Pad1.15x1.40mm_HandSolder (layer F.Cu) (tedit 5B36C52B) (tstamp 5C35EF46)
    (at 233.045 82.55 270)
    (descr "Resistor SMD 0805 (2012 Metric), square (rectangular) end terminal, IPC_7351 nominal with elongated pad for handsoldering. (Body size source: https://docs.google.com/spreadsheets/d/1BsfQQcO9C6DZCsRaXUlFlo91Tg2WpOkGARC1WS5S8t0/edit?usp=sharing), generated with kicad-footprint-generator")
    (tags "resistor handsolder")
    (path /5B7DBFEA/5B7DDB01)
    (attr smd)
    (fp_text reference R_GYA6 (at 0 2.413) (layer F.SilkS)
      (effects (font (size 0.4 0.4) (thickness 0.015)))
    )
    (fp_text value 680R (at 0 1.65 270) (layer F.Fab)
      (effects (font (size 1 1) (thickness 0.15)))
    )
    (fp_text user %R (at 0 0 270) (layer F.Fab)
      (effects (font (size 0.5 0.5) (thickness 0.08)))
    )
    (fp_line (start 1.85 0.95) (end -1.85 0.95) (layer F.CrtYd) (width 0.05))
    (fp_line (start 1.85 -0.95) (end 1.85 0.95) (layer F.CrtYd) (width 0.05))
    (fp_line (start -1.85 -0.95) (end 1.85 -0.95) (layer F.CrtYd) (width 0.05))
    (fp_line (start -1.85 0.95) (end -1.85 -0.95) (layer F.CrtYd) (width 0.05))
    (fp_line (start -0.261252 0.71) (end 0.261252 0.71) (layer F.SilkS) (width 0.12))
    (fp_line (start -0.261252 -0.71) (end 0.261252 -0.71) (layer F.SilkS) (width 0.12))
    (fp_line (start 1 0.6) (end -1 0.6) (layer F.Fab) (width 0.1))
    (fp_line (start 1 -0.6) (end 1 0.6) (layer F.Fab) (width 0.1))
    (fp_line (start -1 -0.6) (end 1 -0.6) (layer F.Fab) (width 0.1))
    (fp_line (start -1 0.6) (end -1 -0.6) (layer F.Fab) (width 0.1))
    (pad 2 smd roundrect (at 1.025 0 270) (size 1.15 1.4) (layers F.Cu F.Paste F.Mask) (roundrect_rratio 0.217391)
      (net 58 "Net-(R_GYA6-Pad2)"))
    (pad 1 smd roundrect (at -1.025 0 270) (size 1.15 1.4) (layers F.Cu F.Paste F.Mask) (roundrect_rratio 0.217391)
      (net 25 "Net-(C_GY6-Pad1)"))
    (model ${KISYS3DMOD}/Resistor_SMD.3dshapes/R_0805_2012Metric.wrl
      (at (xyz 0 0 0))
      (scale (xyz 1 1 1))
      (rotate (xyz 0 0 0))
    )
  )

  (module Resistor_SMD:R_0805_2012Metric_Pad1.15x1.40mm_HandSolder (layer F.Cu) (tedit 5B36C52B) (tstamp 5C4F1497)
    (at 113.03 82.55 270)
    (descr "Resistor SMD 0805 (2012 Metric), square (rectangular) end terminal, IPC_7351 nominal with elongated pad for handsoldering. (Body size source: https://docs.google.com/spreadsheets/d/1BsfQQcO9C6DZCsRaXUlFlo91Tg2WpOkGARC1WS5S8t0/edit?usp=sharing), generated with kicad-footprint-generator")
    (tags "resistor handsolder")
    (path /5B7DBFEA/5B7DCA40)
    (attr smd)
    (fp_text reference R_GYA2 (at 0 2.286) (layer F.SilkS)
      (effects (font (size 0.4 0.4) (thickness 0.015)))
    )
    (fp_text value 680R (at 0 1.65 270) (layer F.Fab)
      (effects (font (size 1 1) (thickness 0.15)))
    )
    (fp_text user %R (at 0 0 270) (layer F.Fab)
      (effects (font (size 0.5 0.5) (thickness 0.08)))
    )
    (fp_line (start 1.85 0.95) (end -1.85 0.95) (layer F.CrtYd) (width 0.05))
    (fp_line (start 1.85 -0.95) (end 1.85 0.95) (layer F.CrtYd) (width 0.05))
    (fp_line (start -1.85 -0.95) (end 1.85 -0.95) (layer F.CrtYd) (width 0.05))
    (fp_line (start -1.85 0.95) (end -1.85 -0.95) (layer F.CrtYd) (width 0.05))
    (fp_line (start -0.261252 0.71) (end 0.261252 0.71) (layer F.SilkS) (width 0.12))
    (fp_line (start -0.261252 -0.71) (end 0.261252 -0.71) (layer F.SilkS) (width 0.12))
    (fp_line (start 1 0.6) (end -1 0.6) (layer F.Fab) (width 0.1))
    (fp_line (start 1 -0.6) (end 1 0.6) (layer F.Fab) (width 0.1))
    (fp_line (start -1 -0.6) (end 1 -0.6) (layer F.Fab) (width 0.1))
    (fp_line (start -1 0.6) (end -1 -0.6) (layer F.Fab) (width 0.1))
    (pad 2 smd roundrect (at 1.025 0 270) (size 1.15 1.4) (layers F.Cu F.Paste F.Mask) (roundrect_rratio 0.217391)
      (net 54 "Net-(R_GYA2-Pad2)"))
    (pad 1 smd roundrect (at -1.025 0 270) (size 1.15 1.4) (layers F.Cu F.Paste F.Mask) (roundrect_rratio 0.217391)
      (net 17 "Net-(C_GY2-Pad1)"))
    (model ${KISYS3DMOD}/Resistor_SMD.3dshapes/R_0805_2012Metric.wrl
      (at (xyz 0 0 0))
      (scale (xyz 1 1 1))
      (rotate (xyz 0 0 0))
    )
  )

  (module Resistor_SMD:R_0805_2012Metric_Pad1.15x1.40mm_HandSolder (layer F.Cu) (tedit 5B36C52B) (tstamp 5C35EF24)
    (at 173.355 82.55 270)
    (descr "Resistor SMD 0805 (2012 Metric), square (rectangular) end terminal, IPC_7351 nominal with elongated pad for handsoldering. (Body size source: https://docs.google.com/spreadsheets/d/1BsfQQcO9C6DZCsRaXUlFlo91Tg2WpOkGARC1WS5S8t0/edit?usp=sharing), generated with kicad-footprint-generator")
    (tags "resistor handsolder")
    (path /5B7DBFEA/5B7DD055)
    (attr smd)
    (fp_text reference R_GYA4 (at 0 2.413) (layer F.SilkS)
      (effects (font (size 0.4 0.4) (thickness 0.015)))
    )
    (fp_text value 680R (at 0 1.65 270) (layer F.Fab)
      (effects (font (size 1 1) (thickness 0.15)))
    )
    (fp_line (start -1 0.6) (end -1 -0.6) (layer F.Fab) (width 0.1))
    (fp_line (start -1 -0.6) (end 1 -0.6) (layer F.Fab) (width 0.1))
    (fp_line (start 1 -0.6) (end 1 0.6) (layer F.Fab) (width 0.1))
    (fp_line (start 1 0.6) (end -1 0.6) (layer F.Fab) (width 0.1))
    (fp_line (start -0.261252 -0.71) (end 0.261252 -0.71) (layer F.SilkS) (width 0.12))
    (fp_line (start -0.261252 0.71) (end 0.261252 0.71) (layer F.SilkS) (width 0.12))
    (fp_line (start -1.85 0.95) (end -1.85 -0.95) (layer F.CrtYd) (width 0.05))
    (fp_line (start -1.85 -0.95) (end 1.85 -0.95) (layer F.CrtYd) (width 0.05))
    (fp_line (start 1.85 -0.95) (end 1.85 0.95) (layer F.CrtYd) (width 0.05))
    (fp_line (start 1.85 0.95) (end -1.85 0.95) (layer F.CrtYd) (width 0.05))
    (fp_text user %R (at 0 0 270) (layer F.Fab)
      (effects (font (size 0.5 0.5) (thickness 0.08)))
    )
    (pad 1 smd roundrect (at -1.025 0 270) (size 1.15 1.4) (layers F.Cu F.Paste F.Mask) (roundrect_rratio 0.217391)
      (net 20 "Net-(C_GY4-Pad1)"))
    (pad 2 smd roundrect (at 1.025 0 270) (size 1.15 1.4) (layers F.Cu F.Paste F.Mask) (roundrect_rratio 0.217391)
      (net 56 "Net-(R_GYA4-Pad2)"))
    (model ${KISYS3DMOD}/Resistor_SMD.3dshapes/R_0805_2012Metric.wrl
      (at (xyz 0 0 0))
      (scale (xyz 1 1 1))
      (rotate (xyz 0 0 0))
    )
  )

  (module Capacitor_SMD:C_0805_2012Metric_Pad1.15x1.40mm_HandSolder (layer F.Cu) (tedit 5B36C52B) (tstamp 5C4F5A23)
    (at 173.355 77.47 270)
    (descr "Capacitor SMD 0805 (2012 Metric), square (rectangular) end terminal, IPC_7351 nominal with elongated pad for handsoldering. (Body size source: https://docs.google.com/spreadsheets/d/1BsfQQcO9C6DZCsRaXUlFlo91Tg2WpOkGARC1WS5S8t0/edit?usp=sharing), generated with kicad-footprint-generator")
    (tags "capacitor handsolder")
    (path /5B7DBFEA/5B7DD04F)
    (attr smd)
    (fp_text reference C_PRE4 (at 0 2.794) (layer F.SilkS)
      (effects (font (size 0.4 0.4) (thickness 0.015)))
    )
    (fp_text value 220nF (at 0 1.65 270) (layer F.Fab)
      (effects (font (size 1 1) (thickness 0.15)))
    )
    (fp_text user %R (at 0 0 270) (layer F.Fab)
      (effects (font (size 0.5 0.5) (thickness 0.08)))
    )
    (fp_line (start 1.85 0.95) (end -1.85 0.95) (layer F.CrtYd) (width 0.05))
    (fp_line (start 1.85 -0.95) (end 1.85 0.95) (layer F.CrtYd) (width 0.05))
    (fp_line (start -1.85 -0.95) (end 1.85 -0.95) (layer F.CrtYd) (width 0.05))
    (fp_line (start -1.85 0.95) (end -1.85 -0.95) (layer F.CrtYd) (width 0.05))
    (fp_line (start -0.261252 0.71) (end 0.261252 0.71) (layer F.SilkS) (width 0.12))
    (fp_line (start -0.261252 -0.71) (end 0.261252 -0.71) (layer F.SilkS) (width 0.12))
    (fp_line (start 1 0.6) (end -1 0.6) (layer F.Fab) (width 0.1))
    (fp_line (start 1 -0.6) (end 1 0.6) (layer F.Fab) (width 0.1))
    (fp_line (start -1 -0.6) (end 1 -0.6) (layer F.Fab) (width 0.1))
    (fp_line (start -1 0.6) (end -1 -0.6) (layer F.Fab) (width 0.1))
    (pad 2 smd roundrect (at 1.025 0 270) (size 1.15 1.4) (layers F.Cu F.Paste F.Mask) (roundrect_rratio 0.217391)
      (net 20 "Net-(C_GY4-Pad1)"))
    (pad 1 smd roundrect (at -1.025 0 270) (size 1.15 1.4) (layers F.Cu F.Paste F.Mask) (roundrect_rratio 0.217391)
      (net 36 "Net-(C_PRE4-Pad1)"))
    (model ${KISYS3DMOD}/Capacitor_SMD.3dshapes/C_0805_2012Metric.wrl
      (at (xyz 0 0 0))
      (scale (xyz 1 1 1))
      (rotate (xyz 0 0 0))
    )
  )

  (module Resistor_SMD:R_0805_2012Metric_Pad1.15x1.40mm_HandSolder (layer F.Cu) (tedit 5B36C52B) (tstamp 5C4F15C3)
    (at 120.65 82.55 90)
    (descr "Resistor SMD 0805 (2012 Metric), square (rectangular) end terminal, IPC_7351 nominal with elongated pad for handsoldering. (Body size source: https://docs.google.com/spreadsheets/d/1BsfQQcO9C6DZCsRaXUlFlo91Tg2WpOkGARC1WS5S8t0/edit?usp=sharing), generated with kicad-footprint-generator")
    (tags "resistor handsolder")
    (path /5B7DBFEA/5B7DCA47)
    (attr smd)
    (fp_text reference R_GYB2 (at 2.286 0 180) (layer F.SilkS)
      (effects (font (size 0.4 0.4) (thickness 0.015)))
    )
    (fp_text value 100K (at 0 1.65 90) (layer F.Fab)
      (effects (font (size 1 1) (thickness 0.15)))
    )
    (fp_line (start -1 0.6) (end -1 -0.6) (layer F.Fab) (width 0.1))
    (fp_line (start -1 -0.6) (end 1 -0.6) (layer F.Fab) (width 0.1))
    (fp_line (start 1 -0.6) (end 1 0.6) (layer F.Fab) (width 0.1))
    (fp_line (start 1 0.6) (end -1 0.6) (layer F.Fab) (width 0.1))
    (fp_line (start -0.261252 -0.71) (end 0.261252 -0.71) (layer F.SilkS) (width 0.12))
    (fp_line (start -0.261252 0.71) (end 0.261252 0.71) (layer F.SilkS) (width 0.12))
    (fp_line (start -1.85 0.95) (end -1.85 -0.95) (layer F.CrtYd) (width 0.05))
    (fp_line (start -1.85 -0.95) (end 1.85 -0.95) (layer F.CrtYd) (width 0.05))
    (fp_line (start 1.85 -0.95) (end 1.85 0.95) (layer F.CrtYd) (width 0.05))
    (fp_line (start 1.85 0.95) (end -1.85 0.95) (layer F.CrtYd) (width 0.05))
    (fp_text user %R (at 0 0 90) (layer F.Fab)
      (effects (font (size 0.5 0.5) (thickness 0.08)))
    )
    (pad 1 smd roundrect (at -1.025 0 90) (size 1.15 1.4) (layers F.Cu F.Paste F.Mask) (roundrect_rratio 0.217391)
      (net 16 "Net-(C_GY2-Pad2)"))
    (pad 2 smd roundrect (at 1.025 0 90) (size 1.15 1.4) (layers F.Cu F.Paste F.Mask) (roundrect_rratio 0.217391)
      (net 9 /GND))
    (model ${KISYS3DMOD}/Resistor_SMD.3dshapes/R_0805_2012Metric.wrl
      (at (xyz 0 0 0))
      (scale (xyz 1 1 1))
      (rotate (xyz 0 0 0))
    )
  )

  (module Resistor_SMD:R_0805_2012Metric_Pad1.15x1.40mm_HandSolder (layer F.Cu) (tedit 5B36C52B) (tstamp 5C35EEBE)
    (at 437.388 93.218 270)
    (descr "Resistor SMD 0805 (2012 Metric), square (rectangular) end terminal, IPC_7351 nominal with elongated pad for handsoldering. (Body size source: https://docs.google.com/spreadsheets/d/1BsfQQcO9C6DZCsRaXUlFlo91Tg2WpOkGARC1WS5S8t0/edit?usp=sharing), generated with kicad-footprint-generator")
    (tags "resistor handsolder")
    (path /5B7E1DBD)
    (attr smd)
    (fp_text reference R_BEAD2 (at 0 4.572) (layer F.SilkS)
      (effects (font (size 0.4 0.4) (thickness 0.015)))
    )
    (fp_text value 10R (at 0 1.65 270) (layer F.Fab)
      (effects (font (size 1 1) (thickness 0.15)))
    )
    (fp_text user %R (at 0 0 270) (layer B.Fab)
      (effects (font (size 0.5 0.5) (thickness 0.08)) (justify mirror))
    )
    (fp_line (start 1.85 0.95) (end -1.85 0.95) (layer F.CrtYd) (width 0.05))
    (fp_line (start 1.85 -0.95) (end 1.85 0.95) (layer F.CrtYd) (width 0.05))
    (fp_line (start -1.85 -0.95) (end 1.85 -0.95) (layer F.CrtYd) (width 0.05))
    (fp_line (start -1.85 0.95) (end -1.85 -0.95) (layer F.CrtYd) (width 0.05))
    (fp_line (start -0.261252 0.71) (end 0.261252 0.71) (layer F.SilkS) (width 0.12))
    (fp_line (start -0.261252 -0.71) (end 0.261252 -0.71) (layer F.SilkS) (width 0.12))
    (fp_line (start 1 0.6) (end -1 0.6) (layer F.Fab) (width 0.1))
    (fp_line (start 1 -0.6) (end 1 0.6) (layer F.Fab) (width 0.1))
    (fp_line (start -1 -0.6) (end 1 -0.6) (layer F.Fab) (width 0.1))
    (fp_line (start -1 0.6) (end -1 -0.6) (layer F.Fab) (width 0.1))
    (pad 2 smd roundrect (at 1.025 0 270) (size 1.15 1.4) (layers F.Cu F.Paste F.Mask) (roundrect_rratio 0.217391)
      (net 50 /SeriesResonatorBlock/EQ_OUT))
    (pad 1 smd roundrect (at -1.025 0 270) (size 1.15 1.4) (layers F.Cu F.Paste F.Mask) (roundrect_rratio 0.217391)
      (net 51 "Net-(R_BEAD2-Pad1)"))
    (model ${KISYS3DMOD}/Resistor_SMD.3dshapes/R_0805_2012Metric.wrl
      (at (xyz 0 0 0))
      (scale (xyz 1 1 1))
      (rotate (xyz 0 0 0))
    )
  )

  (module Capacitor_SMD:C_0805_2012Metric_Pad1.15x1.40mm_HandSolder (layer F.Cu) (tedit 5B36C52B) (tstamp 5C4F1683)
    (at 113.03 77.47 270)
    (descr "Capacitor SMD 0805 (2012 Metric), square (rectangular) end terminal, IPC_7351 nominal with elongated pad for handsoldering. (Body size source: https://docs.google.com/spreadsheets/d/1BsfQQcO9C6DZCsRaXUlFlo91Tg2WpOkGARC1WS5S8t0/edit?usp=sharing), generated with kicad-footprint-generator")
    (tags "capacitor handsolder")
    (path /5B7DBFEA/5B7DCA39)
    (attr smd)
    (fp_text reference C_PRE2 (at 0 2.413) (layer F.SilkS)
      (effects (font (size 0.4 0.4) (thickness 0.015)))
    )
    (fp_text value 1uF (at 0 1.65 270) (layer F.Fab)
      (effects (font (size 1 1) (thickness 0.15)))
    )
    (fp_line (start -1 0.6) (end -1 -0.6) (layer F.Fab) (width 0.1))
    (fp_line (start -1 -0.6) (end 1 -0.6) (layer F.Fab) (width 0.1))
    (fp_line (start 1 -0.6) (end 1 0.6) (layer F.Fab) (width 0.1))
    (fp_line (start 1 0.6) (end -1 0.6) (layer F.Fab) (width 0.1))
    (fp_line (start -0.261252 -0.71) (end 0.261252 -0.71) (layer F.SilkS) (width 0.12))
    (fp_line (start -0.261252 0.71) (end 0.261252 0.71) (layer F.SilkS) (width 0.12))
    (fp_line (start -1.85 0.95) (end -1.85 -0.95) (layer F.CrtYd) (width 0.05))
    (fp_line (start -1.85 -0.95) (end 1.85 -0.95) (layer F.CrtYd) (width 0.05))
    (fp_line (start 1.85 -0.95) (end 1.85 0.95) (layer F.CrtYd) (width 0.05))
    (fp_line (start 1.85 0.95) (end -1.85 0.95) (layer F.CrtYd) (width 0.05))
    (fp_text user %R (at 0 0 270) (layer F.Fab)
      (effects (font (size 0.5 0.5) (thickness 0.08)))
    )
    (pad 1 smd roundrect (at -1.025 0 270) (size 1.15 1.4) (layers F.Cu F.Paste F.Mask) (roundrect_rratio 0.217391)
      (net 34 "Net-(C_PRE2-Pad1)"))
    (pad 2 smd roundrect (at 1.025 0 270) (size 1.15 1.4) (layers F.Cu F.Paste F.Mask) (roundrect_rratio 0.217391)
      (net 17 "Net-(C_GY2-Pad1)"))
    (model ${KISYS3DMOD}/Capacitor_SMD.3dshapes/C_0805_2012Metric.wrl
      (at (xyz 0 0 0))
      (scale (xyz 1 1 1))
      (rotate (xyz 0 0 0))
    )
  )

  (module Capacitor_SMD:C_0805_2012Metric_Pad1.15x1.40mm_HandSolder (layer F.Cu) (tedit 5B36C52B) (tstamp 5C4F1653)
    (at 115.57 97.79 90)
    (descr "Capacitor SMD 0805 (2012 Metric), square (rectangular) end terminal, IPC_7351 nominal with elongated pad for handsoldering. (Body size source: https://docs.google.com/spreadsheets/d/1BsfQQcO9C6DZCsRaXUlFlo91Tg2WpOkGARC1WS5S8t0/edit?usp=sharing), generated with kicad-footprint-generator")
    (tags "capacitor handsolder")
    (path /5B7DBFEA/5B7DC9FA)
    (attr smd)
    (fp_text reference C_GY1 (at 2.286 -0.127) (layer F.SilkS)
      (effects (font (size 0.4 0.4) (thickness 0.015)))
    )
    (fp_text value 220nF (at 0 1.65 90) (layer F.Fab)
      (effects (font (size 1 1) (thickness 0.15)))
    )
    (fp_line (start -1 0.6) (end -1 -0.6) (layer F.Fab) (width 0.1))
    (fp_line (start -1 -0.6) (end 1 -0.6) (layer F.Fab) (width 0.1))
    (fp_line (start 1 -0.6) (end 1 0.6) (layer F.Fab) (width 0.1))
    (fp_line (start 1 0.6) (end -1 0.6) (layer F.Fab) (width 0.1))
    (fp_line (start -0.261252 -0.71) (end 0.261252 -0.71) (layer F.SilkS) (width 0.12))
    (fp_line (start -0.261252 0.71) (end 0.261252 0.71) (layer F.SilkS) (width 0.12))
    (fp_line (start -1.85 0.95) (end -1.85 -0.95) (layer F.CrtYd) (width 0.05))
    (fp_line (start -1.85 -0.95) (end 1.85 -0.95) (layer F.CrtYd) (width 0.05))
    (fp_line (start 1.85 -0.95) (end 1.85 0.95) (layer F.CrtYd) (width 0.05))
    (fp_line (start 1.85 0.95) (end -1.85 0.95) (layer F.CrtYd) (width 0.05))
    (fp_text user %R (at 0 0 90) (layer F.Fab)
      (effects (font (size 0.5 0.5) (thickness 0.08)))
    )
    (pad 1 smd roundrect (at -1.025 0 90) (size 1.15 1.4) (layers F.Cu F.Paste F.Mask) (roundrect_rratio 0.217391)
      (net 14 "Net-(C_GY1-Pad1)"))
    (pad 2 smd roundrect (at 1.025 0 90) (size 1.15 1.4) (layers F.Cu F.Paste F.Mask) (roundrect_rratio 0.217391)
      (net 15 "Net-(C_GY1-Pad2)"))
    (model ${KISYS3DMOD}/Capacitor_SMD.3dshapes/C_0805_2012Metric.wrl
      (at (xyz 0 0 0))
      (scale (xyz 1 1 1))
      (rotate (xyz 0 0 0))
    )
  )

  (module Capacitor_SMD:C_0805_2012Metric_Pad1.15x1.40mm_HandSolder (layer F.Cu) (tedit 5B36C52B) (tstamp 5C4F1623)
    (at 116.84 82.55 270)
    (descr "Capacitor SMD 0805 (2012 Metric), square (rectangular) end terminal, IPC_7351 nominal with elongated pad for handsoldering. (Body size source: https://docs.google.com/spreadsheets/d/1BsfQQcO9C6DZCsRaXUlFlo91Tg2WpOkGARC1WS5S8t0/edit?usp=sharing), generated with kicad-footprint-generator")
    (tags "capacitor handsolder")
    (path /5B7DBFEA/5B7DCA32)
    (attr smd)
    (fp_text reference C_GY2 (at -2.54 0) (layer F.SilkS)
      (effects (font (size 0.4 0.4) (thickness 0.015)))
    )
    (fp_text value 100nF (at 0 1.65 270) (layer F.Fab)
      (effects (font (size 1 1) (thickness 0.15)))
    )
    (fp_text user %R (at 0 0 270) (layer F.Fab)
      (effects (font (size 0.5 0.5) (thickness 0.08)))
    )
    (fp_line (start 1.85 0.95) (end -1.85 0.95) (layer F.CrtYd) (width 0.05))
    (fp_line (start 1.85 -0.95) (end 1.85 0.95) (layer F.CrtYd) (width 0.05))
    (fp_line (start -1.85 -0.95) (end 1.85 -0.95) (layer F.CrtYd) (width 0.05))
    (fp_line (start -1.85 0.95) (end -1.85 -0.95) (layer F.CrtYd) (width 0.05))
    (fp_line (start -0.261252 0.71) (end 0.261252 0.71) (layer F.SilkS) (width 0.12))
    (fp_line (start -0.261252 -0.71) (end 0.261252 -0.71) (layer F.SilkS) (width 0.12))
    (fp_line (start 1 0.6) (end -1 0.6) (layer F.Fab) (width 0.1))
    (fp_line (start 1 -0.6) (end 1 0.6) (layer F.Fab) (width 0.1))
    (fp_line (start -1 -0.6) (end 1 -0.6) (layer F.Fab) (width 0.1))
    (fp_line (start -1 0.6) (end -1 -0.6) (layer F.Fab) (width 0.1))
    (pad 2 smd roundrect (at 1.025 0 270) (size 1.15 1.4) (layers F.Cu F.Paste F.Mask) (roundrect_rratio 0.217391)
      (net 16 "Net-(C_GY2-Pad2)"))
    (pad 1 smd roundrect (at -1.025 0 270) (size 1.15 1.4) (layers F.Cu F.Paste F.Mask) (roundrect_rratio 0.217391)
      (net 17 "Net-(C_GY2-Pad1)"))
    (model ${KISYS3DMOD}/Capacitor_SMD.3dshapes/C_0805_2012Metric.wrl
      (at (xyz 0 0 0))
      (scale (xyz 1 1 1))
      (rotate (xyz 0 0 0))
    )
  )

  (module Resistor_SMD:R_0805_2012Metric_Pad1.15x1.40mm_HandSolder (layer F.Cu) (tedit 5B36C52B) (tstamp 5C4F15F3)
    (at 120.65 97.79 270)
    (descr "Resistor SMD 0805 (2012 Metric), square (rectangular) end terminal, IPC_7351 nominal with elongated pad for handsoldering. (Body size source: https://docs.google.com/spreadsheets/d/1BsfQQcO9C6DZCsRaXUlFlo91Tg2WpOkGARC1WS5S8t0/edit?usp=sharing), generated with kicad-footprint-generator")
    (tags "resistor handsolder")
    (path /5B7DBFEA/5B7DCA0F)
    (attr smd)
    (fp_text reference R_GYB1 (at -2.286 0.127 180) (layer F.SilkS)
      (effects (font (size 0.4 0.4) (thickness 0.015)))
    )
    (fp_text value 110K (at 0 1.65 270) (layer F.Fab)
      (effects (font (size 1 1) (thickness 0.15)))
    )
    (fp_line (start -1 0.6) (end -1 -0.6) (layer F.Fab) (width 0.1))
    (fp_line (start -1 -0.6) (end 1 -0.6) (layer F.Fab) (width 0.1))
    (fp_line (start 1 -0.6) (end 1 0.6) (layer F.Fab) (width 0.1))
    (fp_line (start 1 0.6) (end -1 0.6) (layer F.Fab) (width 0.1))
    (fp_line (start -0.261252 -0.71) (end 0.261252 -0.71) (layer F.SilkS) (width 0.12))
    (fp_line (start -0.261252 0.71) (end 0.261252 0.71) (layer F.SilkS) (width 0.12))
    (fp_line (start -1.85 0.95) (end -1.85 -0.95) (layer F.CrtYd) (width 0.05))
    (fp_line (start -1.85 -0.95) (end 1.85 -0.95) (layer F.CrtYd) (width 0.05))
    (fp_line (start 1.85 -0.95) (end 1.85 0.95) (layer F.CrtYd) (width 0.05))
    (fp_line (start 1.85 0.95) (end -1.85 0.95) (layer F.CrtYd) (width 0.05))
    (fp_text user %R (at 0 0 270) (layer F.Fab)
      (effects (font (size 0.5 0.5) (thickness 0.08)))
    )
    (pad 1 smd roundrect (at -1.025 0 270) (size 1.15 1.4) (layers F.Cu F.Paste F.Mask) (roundrect_rratio 0.217391)
      (net 15 "Net-(C_GY1-Pad2)"))
    (pad 2 smd roundrect (at 1.025 0 270) (size 1.15 1.4) (layers F.Cu F.Paste F.Mask) (roundrect_rratio 0.217391)
      (net 9 /GND))
    (model ${KISYS3DMOD}/Resistor_SMD.3dshapes/R_0805_2012Metric.wrl
      (at (xyz 0 0 0))
      (scale (xyz 1 1 1))
      (rotate (xyz 0 0 0))
    )
  )

  (module Package_SO:SOIC-8_3.9x4.9mm_P1.27mm (layer F.Cu) (tedit 5A02F2D3) (tstamp 5C5068B0)
    (at 114.935 90.17 90)
    (descr "8-Lead Plastic Small Outline (SN) - Narrow, 3.90 mm Body [SOIC] (see Microchip Packaging Specification 00000049BS.pdf)")
    (tags "SOIC 1.27")
    (path /5B7DBFEA/5BC54B8D)
    (attr smd)
    (fp_text reference U_GY1_2 (at 2.54 -4.318 180) (layer F.SilkS)
      (effects (font (size 0.4 0.4) (thickness 0.015)))
    )
    (fp_text value TL072 (at 0 3.5 90) (layer F.Fab)
      (effects (font (size 1 1) (thickness 0.15)))
    )
    (fp_text user %R (at 0 0 90) (layer F.Fab)
      (effects (font (size 1 1) (thickness 0.15)))
    )
    (fp_line (start -0.95 -2.45) (end 1.95 -2.45) (layer F.Fab) (width 0.1))
    (fp_line (start 1.95 -2.45) (end 1.95 2.45) (layer F.Fab) (width 0.1))
    (fp_line (start 1.95 2.45) (end -1.95 2.45) (layer F.Fab) (width 0.1))
    (fp_line (start -1.95 2.45) (end -1.95 -1.45) (layer F.Fab) (width 0.1))
    (fp_line (start -1.95 -1.45) (end -0.95 -2.45) (layer F.Fab) (width 0.1))
    (fp_line (start -3.73 -2.7) (end -3.73 2.7) (layer F.CrtYd) (width 0.05))
    (fp_line (start 3.73 -2.7) (end 3.73 2.7) (layer F.CrtYd) (width 0.05))
    (fp_line (start -3.73 -2.7) (end 3.73 -2.7) (layer F.CrtYd) (width 0.05))
    (fp_line (start -3.73 2.7) (end 3.73 2.7) (layer F.CrtYd) (width 0.05))
    (fp_line (start -2.075 -2.575) (end -2.075 -2.525) (layer F.SilkS) (width 0.15))
    (fp_line (start 2.075 -2.575) (end 2.075 -2.43) (layer F.SilkS) (width 0.15))
    (fp_line (start 2.075 2.575) (end 2.075 2.43) (layer F.SilkS) (width 0.15))
    (fp_line (start -2.075 2.575) (end -2.075 2.43) (layer F.SilkS) (width 0.15))
    (fp_line (start -2.075 -2.575) (end 2.075 -2.575) (layer F.SilkS) (width 0.15))
    (fp_line (start -2.075 2.575) (end 2.075 2.575) (layer F.SilkS) (width 0.15))
    (fp_line (start -2.075 -2.525) (end -3.475 -2.525) (layer F.SilkS) (width 0.15))
    (pad 1 smd rect (at -2.7 -1.905 90) (size 1.55 0.6) (layers F.Cu F.Paste F.Mask)
      (net 53 "Net-(R_GYA1-Pad2)"))
    (pad 2 smd rect (at -2.7 -0.635 90) (size 1.55 0.6) (layers F.Cu F.Paste F.Mask)
      (net 53 "Net-(R_GYA1-Pad2)"))
    (pad 3 smd rect (at -2.7 0.635 90) (size 1.55 0.6) (layers F.Cu F.Paste F.Mask)
      (net 15 "Net-(C_GY1-Pad2)"))
    (pad 4 smd rect (at -2.7 1.905 90) (size 1.55 0.6) (layers F.Cu F.Paste F.Mask)
      (net 48 /V-))
    (pad 5 smd rect (at 2.7 1.905 90) (size 1.55 0.6) (layers F.Cu F.Paste F.Mask)
      (net 16 "Net-(C_GY2-Pad2)"))
    (pad 6 smd rect (at 2.7 0.635 90) (size 1.55 0.6) (layers F.Cu F.Paste F.Mask)
      (net 54 "Net-(R_GYA2-Pad2)"))
    (pad 7 smd rect (at 2.7 -0.635 90) (size 1.55 0.6) (layers F.Cu F.Paste F.Mask)
      (net 54 "Net-(R_GYA2-Pad2)"))
    (pad 8 smd rect (at 2.7 -1.905 90) (size 1.55 0.6) (layers F.Cu F.Paste F.Mask)
      (net 47 /V+))
    (model ${KISYS3DMOD}/Package_SO.3dshapes/SOIC-8_3.9x4.9mm_P1.27mm.wrl
      (at (xyz 0 0 0))
      (scale (xyz 1 1 1))
      (rotate (xyz 0 0 0))
    )
  )

  (module Capacitor_SMD:C_0805_2012Metric_Pad1.15x1.40mm_HandSolder (layer F.Cu) (tedit 5B36C52B) (tstamp 5C4F14C7)
    (at 115.574707 102.87 90)
    (descr "Capacitor SMD 0805 (2012 Metric), square (rectangular) end terminal, IPC_7351 nominal with elongated pad for handsoldering. (Body size source: https://docs.google.com/spreadsheets/d/1BsfQQcO9C6DZCsRaXUlFlo91Tg2WpOkGARC1WS5S8t0/edit?usp=sharing), generated with kicad-footprint-generator")
    (tags "capacitor handsolder")
    (path /5B7DBFEA/5B820882)
    (attr smd)
    (fp_text reference C_PREA1 (at -2.286 -0.004707) (layer F.SilkS)
      (effects (font (size 0.4 0.4) (thickness 0.015)))
    )
    (fp_text value 680nF (at 0 1.65 90) (layer F.Fab)
      (effects (font (size 1 1) (thickness 0.15)))
    )
    (fp_line (start -1 0.6) (end -1 -0.6) (layer F.Fab) (width 0.1))
    (fp_line (start -1 -0.6) (end 1 -0.6) (layer F.Fab) (width 0.1))
    (fp_line (start 1 -0.6) (end 1 0.6) (layer F.Fab) (width 0.1))
    (fp_line (start 1 0.6) (end -1 0.6) (layer F.Fab) (width 0.1))
    (fp_line (start -0.261252 -0.71) (end 0.261252 -0.71) (layer F.SilkS) (width 0.12))
    (fp_line (start -0.261252 0.71) (end 0.261252 0.71) (layer F.SilkS) (width 0.12))
    (fp_line (start -1.85 0.95) (end -1.85 -0.95) (layer F.CrtYd) (width 0.05))
    (fp_line (start -1.85 -0.95) (end 1.85 -0.95) (layer F.CrtYd) (width 0.05))
    (fp_line (start 1.85 -0.95) (end 1.85 0.95) (layer F.CrtYd) (width 0.05))
    (fp_line (start 1.85 0.95) (end -1.85 0.95) (layer F.CrtYd) (width 0.05))
    (fp_text user %R (at 0 0 90) (layer F.Fab)
      (effects (font (size 0.5 0.5) (thickness 0.08)))
    )
    (pad 1 smd roundrect (at -1.025 0 90) (size 1.15 1.4) (layers F.Cu F.Paste F.Mask) (roundrect_rratio 0.217391)
      (net 43 "Net-(C_PREA1-Pad1)"))
    (pad 2 smd roundrect (at 1.025 0 90) (size 1.15 1.4) (layers F.Cu F.Paste F.Mask) (roundrect_rratio 0.217391)
      (net 14 "Net-(C_GY1-Pad1)"))
    (model ${KISYS3DMOD}/Capacitor_SMD.3dshapes/C_0805_2012Metric.wrl
      (at (xyz 0 0 0))
      (scale (xyz 1 1 1))
      (rotate (xyz 0 0 0))
    )
  )

  (module Resistor_SMD:R_0805_2012Metric_Pad1.15x1.40mm_HandSolder (layer F.Cu) (tedit 5B36C52B) (tstamp 5C4F1467)
    (at 111.76 97.79 90)
    (descr "Resistor SMD 0805 (2012 Metric), square (rectangular) end terminal, IPC_7351 nominal with elongated pad for handsoldering. (Body size source: https://docs.google.com/spreadsheets/d/1BsfQQcO9C6DZCsRaXUlFlo91Tg2WpOkGARC1WS5S8t0/edit?usp=sharing), generated with kicad-footprint-generator")
    (tags "resistor handsolder")
    (path /5B7DBFEA/5B7DCA08)
    (attr smd)
    (fp_text reference R_GYA1 (at 2.159 0 180) (layer F.SilkS)
      (effects (font (size 0.4 0.4) (thickness 0.015)))
    )
    (fp_text value 680R (at 0 1.65 90) (layer F.Fab)
      (effects (font (size 1 1) (thickness 0.15)))
    )
    (fp_text user %R (at 0 0 90) (layer F.Fab)
      (effects (font (size 0.5 0.5) (thickness 0.08)))
    )
    (fp_line (start 1.85 0.95) (end -1.85 0.95) (layer F.CrtYd) (width 0.05))
    (fp_line (start 1.85 -0.95) (end 1.85 0.95) (layer F.CrtYd) (width 0.05))
    (fp_line (start -1.85 -0.95) (end 1.85 -0.95) (layer F.CrtYd) (width 0.05))
    (fp_line (start -1.85 0.95) (end -1.85 -0.95) (layer F.CrtYd) (width 0.05))
    (fp_line (start -0.261252 0.71) (end 0.261252 0.71) (layer F.SilkS) (width 0.12))
    (fp_line (start -0.261252 -0.71) (end 0.261252 -0.71) (layer F.SilkS) (width 0.12))
    (fp_line (start 1 0.6) (end -1 0.6) (layer F.Fab) (width 0.1))
    (fp_line (start 1 -0.6) (end 1 0.6) (layer F.Fab) (width 0.1))
    (fp_line (start -1 -0.6) (end 1 -0.6) (layer F.Fab) (width 0.1))
    (fp_line (start -1 0.6) (end -1 -0.6) (layer F.Fab) (width 0.1))
    (pad 2 smd roundrect (at 1.025 0 90) (size 1.15 1.4) (layers F.Cu F.Paste F.Mask) (roundrect_rratio 0.217391)
      (net 53 "Net-(R_GYA1-Pad2)"))
    (pad 1 smd roundrect (at -1.025 0 90) (size 1.15 1.4) (layers F.Cu F.Paste F.Mask) (roundrect_rratio 0.217391)
      (net 14 "Net-(C_GY1-Pad1)"))
    (model ${KISYS3DMOD}/Resistor_SMD.3dshapes/R_0805_2012Metric.wrl
      (at (xyz 0 0 0))
      (scale (xyz 1 1 1))
      (rotate (xyz 0 0 0))
    )
  )

  (module Capacitor_SMD:C_0805_2012Metric_Pad1.15x1.40mm_HandSolder (layer F.Cu) (tedit 5B36C52B) (tstamp 5C4F1437)
    (at 111.76 102.87 90)
    (descr "Capacitor SMD 0805 (2012 Metric), square (rectangular) end terminal, IPC_7351 nominal with elongated pad for handsoldering. (Body size source: https://docs.google.com/spreadsheets/d/1BsfQQcO9C6DZCsRaXUlFlo91Tg2WpOkGARC1WS5S8t0/edit?usp=sharing), generated with kicad-footprint-generator")
    (tags "capacitor handsolder")
    (path /5B7DBFEA/5B7DCA01)
    (attr smd)
    (fp_text reference C_PREB1 (at -2.286 -0.127) (layer F.SilkS)
      (effects (font (size 0.4 0.4) (thickness 0.015)))
    )
    (fp_text value 820nF (at 0 1.65 90) (layer F.Fab)
      (effects (font (size 1 1) (thickness 0.15)))
    )
    (fp_text user %R (at 0 0 90) (layer F.Fab)
